camera_matrix:
  rows: 3
  cols: 3
  data: [945.2379014862047, 0.0, 662.113558072693, 0.0, 709.4714573249369, 382.44156587854303, 0.0, 0.0, 1.0]
distortion_coefficients:
  rows: 1
  cols: 5
  data: [-0.10952433259972351, 0.3862803428371749, 0.0015459315080663999, 0.004393019281588186, 0.0]
rectification_matrix:
  rows: 3
  cols: 3
  data: [1.0, 0.0, 0.0, 0.0, 1.0, 0.0, 0.0, 0.0, 1.0]
projection_matrix:
  rows: 3
  cols: 4
  data: [1027.5584273912864, 0.0, 661.94259315316, 0.0, 0.0, 769.7700233531776, 380.74074374936134, 0.0, 0.0, 0.0, 1.0, 0.0]
image_width: 640
image_height: 480



# **** Land Calibrating ****
# mono pinhole calibration...
# D = [0.0634494395074735, -0.026850870447611697, -0.01060718235773851, 0.012979536019329246, 0.0]
# K = [703.0019034565651, 0.0, 624.0458120619558, 0.0, 701.4506302036734, 310.06832809279416, 0.0, 0.0, 1.0]
# R = [1.0, 0.0, 0.0, 0.0, 1.0, 0.0, 0.0, 0.0, 1.0]
# P = [733.2423095703125, 0.0, 645.6359942273994, 0.0, 0.0, 738.1027221679688, 299.2317768118028, 0.0, 0.0, 0.0, 1.0, 0.0]
# None
# # oST version 5.0 parameters


# [image]

# width
# 1280

# height
# 720

# [narrow_stereo]

# camera matrix
# 703.001903 0.000000 624.045812
# 0.000000 701.450630 310.068328
# 0.000000 0.000000 1.000000

# distortion
# 0.063449 -0.026851 -0.010607 0.012980 0.000000

# rectification
# 1.000000 0.000000 0.000000
# 0.000000 1.000000 0.000000
# 0.000000 0.000000 1.000000

# projection
# 733.242310 0.000000 645.635994 0.000000
# 0.000000 738.102722 299.231777 0.000000
# 0.000000 0.000000 1.000000 0.000000


**** underwater Calibrating ****
mono pinhole calibration...
D = [0.05590132491086397, -0.01681330683198871, -0.015709442189981937, -0.01435159745752595, 0.0]
K = [715.9199945100964, 0.0, 558.2129194740094, 0.0, 718.9240989404004, 289.68051295186893, 0.0, 0.0, 1.0]
R = [1.0, 0.0, 0.0, 0.0, 1.0, 0.0, 0.0, 0.0, 1.0]
P = [741.55224609375, 0.0, 537.7608689698682, 0.0, 0.0, 749.6783447265625, 277.0680222062947, 0.0, 0.0, 0.0, 1.0, 0.0]
None
# oST version 5.0 parameters


[image]

width
1280

height
720

[narrow_stereo]

camera matrix
715.919995 0.000000 558.212919
0.000000 718.924099 289.680513
0.000000 0.000000 1.000000

distortion
0.055901 -0.016813 -0.015709 -0.014352 0.000000

rectification
1.000000 0.000000 0.000000
0.000000 1.000000 0.000000
0.000000 0.000000 1.000000

projection
741.552246 0.000000 537.760869 0.000000
0.000000 749.678345 277.068022 0.000000
0.000000 0.000000 1.000000 0.000000
